1
2
7
3071
724027
909389
430997
349691
375934
727377
304587
978864
96317
798319
8807
346250
1923
945522
617080
983399
485217
537308
615321
861664
339535
90159
182065
680586
859906
573585
113863
664472
137700
891004
399572
480757
175603
616020
239311
640384
888314
567396
488520
615994
88750
962431
103795
157248
208070
29324
49557
118944
790095
909920
304211
546586
554372
582360
125688
342899
863993
789220
601010
166021
708018
17241
86498
60801
796401
979743
880872
597507
179526
27449
966738
800938
204137
159293
987138
121373
176286
492681
825615
130027
884145
407958
804284
749439
536790
412909
222354
348795
193216
222427
836169
345688
662399
465571
443045
726734
